[Caps]
fMinCap = 5.00000
fMaxCap = 20.000000
fModifier = 2.000000


[Debug]
bEnableDebug = 0
