[Caps]
fMinCap = 5.800000
fMaxCap = 31.000000
fModifier = 2.000000


[Debug]
bEnableDebug = 1
